0 0.6310156250000001 0.342703125 0.08828125 0.20207812499999997
0 0.6737187499999999 0.2875 0.07578125 0.11457812499999998
0 0.680484375 0.37239062500000003 0.10389062500000001 0.07604687500000003
0 0.761203125 0.36510937499999996 0.09032812499999991 0.08854687500000002
0 0.834109375 0.335421875 0.13406249999999992 0.127078125
0 0.5914375 0.535421875 0.14453125 0.07917187499999993
0 0.7132968749999999 0.533859375 0.12367187499999996 0.08020312500000007
0 0.8200468750000001 0.5255156249999999 0.13093749999999993 0.10520312500000006
0 0.674765625 0.4890625 0.08826562500000001 0.017703125000000063
0 0.742984375 0.4895781250000001 0.051796874999999964 0.016671874999999937
0 0.75078125 0.759375 0.1653281249999999 0.15832812499999988
0 0.7763125000000001 0.8052031249999999 0.09137500000000003 0.09375
0 0.85703125 0.8197968750000001 0.14862499999999984 0.11042187500000011
0 0.95078125 0.83203125 0.0984375 0.0859375