0 0.37220312499999997 0.721875 0.056421875000000024 0.13125
0 0.39303125000000005 0.621359375 0.09356249999999999 0.103125
0 0.39928125000000003 0.570828125 0.054343749999999955 0.06875
0 0.42271875000000003 0.688015625 0.05121874999999996 0.07395312500000006
0 0.4295 0.634375 0.05018750000000001 0.058328125000000064
0 0.604984375 0.7078125 0.05751562500000009 0.12395312500000007
0 0.62946875 0.690625 0.06898437499999996 0.06042187499999994
0 0.6383125 0.634375 0.07628125000000008 0.10207812500000006
0 0.64978125 0.547921875 0.08253125000000008 0.11667187499999994
0 0.29253125 0.6671875 0.11784375000000002 0.084375
0 0.2665 0.622390625 0.069921875 0.051046874999999936
0 0.321171875 0.63125 0.043906250000000036 0.07707812500000007
0 0.319078125 0.571875 0.06857812499999998 0.0625
0 0.314921875 0.5255156249999999 0.07306249999999999 0.06979687499999994