0 0.26012500000000005 0.29178125 0.02726562499999998 0.03435937500000001
0 0.267 0.3238125 0.07618749999999999 0.060171874999999986
0 0.29603124999999997 0.30025 0.03214062499999999 0.06528125000000004
0 0.28895312500000003 0.35328125 0.09823437500000001 0.06956249999999997
0 0.27925000000000005 0.39675 0.0703125 0.047531250000000025
0 0.346203125 0.41959374999999993 0.09628125000000001 0.08076562500000009
0 0.3008125 0.42909375 0.07585937500000002 0.08209374999999994
0 0.51903125 0.7153125 0.10132812500000003 0.0828125
0 0.56134375 0.79540625 0.07590625000000006 0.15918749999999998
0 0.8218593750000001 0.6664375 0.08904687500000001 0.09045312499999998
0 0.93984375 0.81015625 0.1203125 0.1265625
0 0.781234375 0.7908125 0.06537499999999988 0.12264062500000002
0 0.714859375 0.72475 0.10534374999999993 0.07559374999999999
0 0.649765625 0.7876875 0.06259374999999992 0.08792187499999997
0 0.70446875 0.8104531250000001 0.08328124999999993 0.12909374999999984
0 0.8168906249999999 0.735296875 0.08326562499999994 0.11064062500000009