0 0.38001562499999997 0.4265625 0.09460937499999993 0.103125
0 0.46125 0.32395312499999995 0.10082812499999996 0.11042187500000003
0 0.53415625 0.45676562500000006 0.13206249999999997 0.134375
0 0.65340625 0.38125 0.12681249999999994 0.1125
0 0.749234375 0.5796875 0.09762500000000003 0.09895312500000006
0 0.48 0.541671875 0.1174843749999999 0.08542187499999994
0 0.396671875 0.618234375 0.11542187500000001 0.10104687499999994
0 0.401359375 0.688546875 0.112296875 0.14167187499999995
0 0.48674999999999996 0.6427031249999999 0.24767187499999999 0.22292187499999994
0 0.371671875 0.752609375 0.16751562500000006 0.12604687499999995
0 0.582078125 0.622390625 0.07626562499999992 0.08020312500000007
0 0.6216406250000001 0.7671875 0.11120312499999993 0.115625
0 0.63621875 0.7359375 0.238265625 0.096875