0 0.45814062499999997 0.4889374999999999 0.05870312500000008 0.12370312499999994
0 0.48842187499999995 0.514640625 0.03592187500000001 0.047531249999999935
0 0.45456250000000004 0.5514375 0.05675000000000008 0.049484374999999935
0 0.45325 0.581703125 0.07864062500000006 0.059249999999999935
0 0.4529375 0.626296875 0.04568750000000001 0.052078125000000065
0 0.5430937499999999 0.48209374999999993 0.05518750000000008 0.042312500000000065
0 0.561328125 0.533203125 0.06979687499999994 0.0625
0 0.523234375 0.558265625 0.045703125 0.042312500000000065
0 0.5430937499999999 0.600578125 0.07471875000000008 0.051437499999999935
0 0.56328125 0.62825 0.05287500000000005 0.0546875
0 0.585078125 0.641921875 0.10660937500000003 0.053390624999999935
0 0.66678125 0.594078125 0.04770312499999996 0.055343749999999935
0 0.62609375 0.503578125 0.03662500000000009 0.06706249999999994