0 0.20192187499999997 0.174484375 0.15948437499999998 0.09895312500000002
0 0.14776562499999998 0.45625 0.18654687499999997 0.18332812500000006
0 0.698703125 0.255734375 0.20075000000000004 0.196875
0 0.633109375 0.3703125 0.13251562500000008 0.16979687499999993
0 0.31909375000000006 0.40207812500000006 0.16889062500000004 0.3833281250000001
0 0.5258125 0.409375 0.238296875 0.225
0 0.465921875 0.621359375 0.19560937499999992 0.215625
0 0.7044375 0.5125 0.2684531249999999 0.17917187499999992
0 0.8762812500000001 0.1890625 0.22048437499999984 0.128125
0 0.965625 0.44765625 0.06875 0.1609375
0 0.840625 0.65859375 0.31875 0.1546875
0 0.6565156249999999 0.8359375 0.31012500000000004 0.078125