0 0.48734374999999996 0.67734375 0.09073437500000008 0.08679687499999993
0 0.520890625 0.6975625 0.05404687500000005 0.07675000000000001
0 0.45415625000000004 0.727609375 0.03920312500000005 0.07418750000000003
0 0.55909375 0.6013124999999999 0.037687500000000006 0.04343749999999993
0 0.20490624999999998 0.284265625 0.046 0.04854687499999999
0 0.226609375 0.27131249999999996 0.037406249999999995 0.038156250000000023
0 0.29037499999999994 0.23689062500000002 0.07340625000000003 0.035640625
0 0.29185937500000003 0.25426562500000005 0.04512499999999999 0.03403124999999996
0 0.254859375 0.266203125 0.028609375000000003 0.031125000000000024
0 0.25014062499999995 0.19860937499999998 0.034812499999999955 0.04481250000000001
0 0.29623437499999994 0.19146875 0.02742187500000002 0.025124999999999974
0 0.30451562499999996 0.209671875 0.022109374999999966 0.018921875000000022
0 0.275984375 0.215375 0.04731249999999996 0.027109375000000036
0 0.210453125 0.20795312500000002 0.034765625 0.04487499999999996
0 0.222734375 0.197609375 0.030171875000000004 0.04595312500000004
0 0.23345312499999998 0.23115625 0.03610937500000002 0.025078125000000017
0 0.23899999999999996 0.2410625 0.027578124999999964 0.022015624999999962