0 0.28003125000000006 0.25625 0.10949999999999997 0.125
0 0.251375 0.49895312500000005 0.10817187500000003 0.10832812500000007
0 0.36440625000000004 0.4583281250000001 0.10953125000000004 0.25625
0 0.48364062499999994 0.48854687499999994 0.14143749999999997 0.11042187499999993
0 0.57165625 0.4322968749999999 0.10912500000000006 0.11667187499999994
0 0.564875 0.19582812499999996 0.1143437500000001 0.11875
0 0.63571875 0.3411406250000001 0.14396874999999998 0.140625
0 0.776828125 0.263546875 0.14032812499999991 0.13125
0 0.6253124999999999 0.5328125 0.18146874999999998 0.11354687499999994
0 0.732546875 0.640109375 0.25593749999999993 0.10520312500000006
0 0.86328125 0.490625 0.12779687499999995 0.11042187499999993
0 0.451890625 0.6151093750000001 0.12621874999999996 0.12395312500000007
0 0.571640625 0.769265625 0.18412500000000004 0.09895312500000006