0 0.259546875 0.29184375 0.02662500000000003 0.03496874999999999
0 0.295546875 0.30057812500000003 0.03170312500000003 0.066109375
0 0.267078125 0.3229375 0.076171875 0.06167187500000004
0 0.28890625 0.35284375 0.09924999999999998 0.07081249999999999
0 0.279265625 0.39625 0.06996874999999995 0.04759374999999997
0 0.30110937499999996 0.428828125 0.07671875000000003 0.08353125000000006
0 0.34603124999999996 0.419328125 0.09654687500000003 0.07971874999999998
0 0.472 0.589171875 0.06443750000000001 0.10209375000000005
0 0.48196874999999995 0.676890625 0.06376562500000009 0.10234375
0 0.8915625 0.794109375 0.18707812500000004 0.16178124999999993
0 0.6565468750000001 0.7909062500000001 0.02742187499999993 0.07779687499999995