0 0.295484375 0.30017187500000003 0.03343749999999997 0.06690624999999999
0 0.259140625 0.29184375 0.026609374999999956 0.03443750000000003
0 0.266421875 0.32268749999999996 0.07542187499999997 0.06320312499999999
0 0.28865625 0.350703125 0.09860937500000003 0.07414062499999999
0 0.27925000000000005 0.39132812499999997 0.07089062500000001 0.05660937500000003
0 0.346265625 0.420015625 0.0953125 0.07996874999999992
0 0.30051562499999995 0.428546875 0.07668749999999998 0.08407812499999992
0 0.6069375 0.47750000000000004 0.07570312500000007 0.08332812500000006
0 0.6439843749999999 0.714453125 0.07023437500000007 0.11626562499999996
0 0.608046875 0.612046875 0.12242187500000004 0.13776562499999995
0 0.577375 0.640671875 0.061562499999999964 0.09000000000000004