0 0.4878125 0.43385937499999994 0.11645312499999996 0.128125
0 0.562796875 0.319265625 0.10392187499999998 0.121875
0 0.6669375000000001 0.45729687499999994 0.1684687499999999 0.15625
0 0.7940156249999999 0.36145312500000004 0.16635937500000003 0.15
0 0.627375 0.546875 0.10598437500000006 0.1
0 0.565390625 0.636984375 0.19245312499999995 0.153125
0 0.632046875 0.7015625 0.15910937500000005 0.1989531249999999
0 0.586734375 0.790625 0.260140625 0.1625
0 0.546640625 0.8395781249999998 0.17162500000000006 0.07082812499999988
0 0.79765625 0.58046875 0.4046875 0.4015625
0 0.864859375 0.803125 0.15445312499999986 0.1416718750000001
0 0.8512812500000001 0.7791718750000001 0.29548437499999985 0.15625