0 0.44146875 0.6015625 0.053312500000000006 0.09479687499999993
0 0.42896875 0.8557343750000002 0.06126562500000006 0.03854687500000011
0 0.28003125000000006 0.8057343750000001 0.06576562500000005 0.08854687500000011
0 0.332625 0.66875 0.06473437500000001 0.06042187499999994
0 0.438859375 0.678125 0.09146874999999995 0.05
0 0.471671875 0.7234375 0.05292187500000001 0.06979687499999994
0 0.572171875 0.6296875 0.05393749999999997 0.057296874999999935
0 0.495625 0.7375 0.04707812499999999 0.1458281249999999
0 0.542484375 0.725515625 0.05914062500000004 0.09479687499999993
0 0.620609375 0.714578125 0.08203125 0.12707812500000007
0 0.55759375 0.8057343750000001 0.07729687500000004 0.12395312499999989
0 0.43364062499999995 0.8140625 0.15395312499999997 0.121875
0 0.65915625 0.809375 0.09085937499999996 0.11875
0 0.902859375 0.8494843750000001 0.08404687499999994 0.051046875000000116