0 0.363875 0.730203125 0.058499999999999996 0.06667187499999994
0 0.439890625 0.677078125 0.08729687500000001 0.04792187499999993
0 0.4690625 0.725515625 0.051875000000000074 0.071875
0 0.49406249999999996 0.749484375 0.041874999999999926 0.14895312500000008
0 0.5253125 0.7520781249999999 0.025218749999999977 0.05417187499999994
0 0.550828125 0.8171875 0.07624999999999993 0.10729687500000011
0 0.5617656249999999 0.768234375 0.06064062499999991 0.07604687499999993
0 0.5549999999999999 0.703640625 0.08667187500000004 0.071875
0 0.633640625 0.716140625 0.08565625000000007 0.12604687499999995
0 0.6351875 0.703125 0.07210937499999996 0.07707812500000007
0 0.5758281249999999 0.6036406249999999 0.09292187500000004 0.17604687499999994