0 0.931015625 0.49095312500000005 0.0580937500000001 0.05920312499999998
0 0.8027656249999999 0.534125 0.07507812499999993 0.07648437500000008
0 0.7772656250000001 0.5645625 0.07178125000000009 0.09292187500000004
0 0.7542500000000001 0.6578906250000001 0.07834374999999998 0.074015625
0 0.6099375 0.672703125 0.05939062499999999 0.07729687500000004
0 0.7061249999999999 0.620890625 0.14614062499999997 0.06907812500000006
0 0.642 0.5518125 0.05282812499999991 0.0625
0 0.67365625 0.52878125 0.06309374999999999 0.07729687500000004
0 0.709421875 0.49301562499999996 0.08693749999999997 0.09128124999999994
0 0.6041875 0.45764062499999997 0.051171875 0.05181249999999995
0 0.575390625 0.53659375 0.07053124999999998 0.07318750000000004
0 0.515796875 0.47943750000000007 0.04868749999999995 0.08553125000000002
0 0.484953125 0.57278125 0.08535937499999999 0.06167187500000004