0 0.20475 0.283578125 0.04587500000000002 0.04878125000000004
0 0.226609375 0.27096875000000004 0.03792187499999997 0.03821874999999997
0 0.290359375 0.23720312500000001 0.07335937499999998 0.03428125
0 0.249984375 0.19845312499999998 0.03460937499999996 0.04595312500000004
0 0.296390625 0.191484375 0.02742187500000002 0.024234374999999985
0 0.30534375 0.209328125 0.021171875000000017 0.022093749999999978
0 0.291578125 0.253671875 0.044828124999999996 0.03462500000000004
0 0.255140625 0.266890625 0.0296875 0.030781249999999982
0 0.209375 0.2085 0.033187500000000016 0.04535937499999996
0 0.221828125 0.19806249999999997 0.029171875000000024 0.04535937499999996
0 0.23896875 0.24181249999999999 0.028359374999999964 0.024249999999999973
0 0.231921875 0.23115625 0.03998437499999996 0.02471874999999999
0 0.47806249999999995 0.5061718749999999 0.05815625000000004 0.06632812500000007
0 0.4800625 0.5570625 0.039046875000000016 0.05995312500000001
0 0.48029687499999996 0.588328125 0.10289062500000004 0.10471874999999997
0 0.5130312499999999 0.5981875 0.04867187499999996 0.06842187499999994
0 0.447765625 0.655453125 0.05162499999999994 0.06946875000000005