0 0.10234375 0.23671875 0.2046875 0.2265625
0 0.132671875 0.31301562499999996 0.16674999999999995 0.16354687500000004
0 0.13515625 0.36015625 0.2703125 0.1984375
0 0.160265625 0.46198437499999995 0.19487500000000005 0.07604687499999993
0 0.21390625000000002 0.234375 0.16676562500000003 0.21457812500000006
0 0.41075 0.2234375 0.14807812499999998 0.16145312499999998
0 0.5508437500000001 0.18125 0.14499999999999993 0.1125
0 0.7169531250000001 0.141671875 0.10649999999999996 0.03332812500000002
0 0.4529375 0.36457812500000003 0.22620312499999998 0.12917187500000002
0 0.50240625 0.532296875 0.16685937499999995 0.1625
0 0.5591875 0.522921875 0.33871874999999996 0.15207812500000006
0 0.8107031250000001 0.371875 0.1565156250000001 0.14375