0 0.4346875 0.558859375 0.08312500000000007 0.05520312500000006
0 0.46540625 0.580734375 0.1299843750000001 0.065625
0 0.49928125 0.533859375 0.050203124999999994 0.08229687499999994
0 0.5065625 0.48125 0.06895312499999999 0.05625
0 0.5003124999999999 0.43854687499999995 0.060609374999999945 0.0625
0 0.5758125 0.538015625 0.04456249999999997 0.08854687499999994
0 0.58103125 0.4817656250000001 0.02581249999999997 0.034375
0 0.617484375 0.49375 0.08043750000000002 0.06875
0 0.612796875 0.4380156250000001 0.060640625000000094 0.06354687499999993
0 0.62009375 0.5760468750000001 0.06065625000000008 0.11457812500000006
0 0.695078125 0.49635937499999994 0.10442187500000007 0.08645312500000006
0 0.7221562499999999 0.47448437499999996 0.04609375 0.04479687499999994
0 0.727890625 0.4244843749999999 0.05546875 0.071875
0 0.742984375 0.342703125 0.05804687499999996 0.09375