0 0.588265625 0.62740625 0.11162500000000009 0.06731250000000007
0 0.575046875 0.6283125 0.05421875000000007 0.042671874999999915
0 0.58496875 0.5889375 0.05482812500000005 0.07090624999999999
0 0.592171875 0.5294531250000001 0.05843749999999996 0.09014062500000009
0 0.467796875 0.510515625 0.02475000000000005 0.06910937500000003
0 0.53809375 0.520734375 0.041593750000000006 0.06309374999999999
0 0.5326875 0.48378125 0.051203124999999974 0.046875
0 0.495140625 0.45582812500000003 0.07101562500000007 0.051078125000000085
0 0.50625 0.43028125 0.04879687500000003 0.05168750000000007
0 0.546515625 0.435703125 0.009140625000000036 0.04206249999999993
0 0.528484375 0.411953125 0.03196875000000006 0.03304687499999996
0 0.5281875 0.37740625000000005 0.04700000000000006 0.04807812499999997