0 0.51490625 0.48046875 0.04885937499999997 0.08309374999999992
0 0.48507812499999997 0.573515625 0.08153124999999992 0.0546875
0 0.5717187499999999 0.535859375 0.07298437500000006 0.07173437499999995
0 0.605453125 0.45845312499999996 0.043859375000000075 0.05326562500000005
0 0.588765625 0.59553125 0.05768749999999993 0.06462500000000002
0 0.643453125 0.552203125 0.04918750000000003 0.06179687499999993
0 0.71446875 0.548296875 0.06340625000000007 0.12642187499999996
0 0.6785937499999999 0.53303125 0.07507812499999993 0.0859375
0 0.742515625 0.48010937499999995 0.048499999999999946 0.06392187499999995
0 0.7858281249999999 0.48473437500000005 0.05560937499999987 0.05895312500000003
0 0.7840624999999999 0.519171875 0.1088750000000001 0.078125
0 0.7723437499999999 0.56925 0.06696874999999984 0.08451562500000005
0 0.707359375 0.49289062499999997 0.08431250000000005 0.08806250000000002
0 0.8057187499999999 0.390265625 0.09679687500000007 0.15554687500000003