0 0.434171875 0.43385937499999994 0.10709374999999995 0.11979687499999994
0 0.51490625 0.327078125 0.10853125000000005 0.11875
0 0.727875 0.373953125 0.14032812499999991 0.13332812499999996
0 0.6054999999999999 0.45885937499999996 0.15182812499999992 0.13854687499999993
0 0.478953125 0.6359375 0.15081249999999996 0.12604687499999995
0 0.5476875 0.5515625 0.1112187500000001 0.096875
0 0.5226875 0.700515625 0.15289062500000003 0.17395312500000007
0 0.48259375000000004 0.7817656249999999 0.22268749999999998 0.165625
0 0.7424531249999999 0.7947968750000001 0.14032812499999991 0.13542187499999994
0 0.7450468750000001 0.7614531249999998 0.26426562499999984 0.125
0 0.8512968750000001 0.590109375 0.10592187499999994 0.115625