0 0.263890625 0.193234375 0.13137499999999996 0.136453125
0 0.2415 0.4692656250000001 0.14907812499999995 0.14270312500000007
0 0.37324999999999997 0.425 0.12932812499999996 0.31667187499999994
0 0.5846875 0.158859375 0.12312499999999993 0.06770312500000002
0 0.8356718750000001 0.2 0.17884375000000005 0.15
0 0.68103125 0.279171875 0.17418750000000002 0.17082812499999997
0 0.619046875 0.38073437499999996 0.12314062500000009 0.14479687500000002
0 0.52790625 0.43542187499999996 0.182046875 0.1625
0 0.6820468749999999 0.5036406250000001 0.21742187499999996 0.14895312500000008
0 0.940625 0.446875 0.11875 0.128125
0 0.48782812499999995 0.605734375 0.15226562500000007 0.16145312500000006
0 0.6424687499999999 0.7953125 0.23617187499999998 0.11979687500000011
0 0.814828125 0.628125 0.3100781250000001 0.13542187499999994