0 0.5177031249999999 0.842125 0.05779687500000001 0.064453125
0 0.49850000000000005 0.680671875 0.07798437499999995 0.060546875
0 0.41321874999999997 0.49837500000000007 0.04415624999999999 0.050125000000000065
0 0.385234375 0.577796875 0.04285937499999992 0.047531249999999935
0 0.43015625 0.568359375 0.05978124999999999 0.10026562499999994
0 0.45065625000000004 0.611328125 0.04893750000000008 0.07421875
0 0.471484375 0.562828125 0.04373437500000001 0.08528125000000006
0 0.586375 0.642578125 0.11440625000000004 0.052078125000000065
0 0.54340625 0.598953125 0.07537500000000001 0.046875
0 0.52290625 0.56153125 0.04737500000000008 0.047531249999999935
0 0.5606718749999999 0.5345 0.0671875 0.0625
0 0.543734375 0.484375 0.05648437499999996 0.048171875000000065
0 0.627390625 0.503578125 0.03759374999999991 0.07356250000000006
0 0.6680781250000001 0.5908125 0.04864062499999999 0.057937500000000065