0 0.9171875 0.15859375 0.165625 0.0703125
0 0.661234375 0.139578125 0.09710937499999997 0.02917187499999998
0 0.612265625 0.24582812499999998 0.14660937500000007 0.15207812499999998
0 0.7971406249999999 0.24635937500000002 0.18926562499999983 0.173953125
0 0.76328125 0.38854687499999996 0.14448437500000005 0.125
0 0.8939999999999999 0.656765625 0.19757812500000008 0.153125
0 0.965625 0.6203125 0.06875 0.1125
0 0.92109375 0.55078125 0.1578125 0.1359375
0 0.8018124999999999 0.710421875 0.22154687499999995 0.21667187499999993
0 0.7112031249999999 0.666671875 0.15075000000000002 0.12707812500000007
0 0.754421875 0.523953125 0.26010937500000003 0.08957812500000006
0 0.857046875 0.4875 0.19298437499999999 0.16457812500000008