0 0.328984375 0.66875 0.07618749999999999 0.06042187499999994
0 0.36751562499999996 0.733328125 0.05329687500000002 0.06875
0 0.43937499999999996 0.6776093750000001 0.09875000000000007 0.046875
0 0.444078125 0.602078125 0.054359374999999946 0.09375
0 0.5543437499999999 0.8181406250000001 0.07396875000000006 0.10503125000000005
0 0.56084375 0.7673593750000001 0.06268750000000001 0.09028124999999995
0 0.555640625 0.7035625 0.08004687500000003 0.07551562500000006
0 0.57734375 0.601125 0.08871874999999996 0.17448437499999994
0 0.636359375 0.704421875 0.07137499999999992 0.07204687500000002
0 0.62725 0.71440625 0.07225000000000001 0.126734375
0 0.524390625 0.75 0.031062499999999993 0.05381250000000008
0 0.493578125 0.752609375 0.04582812500000007 0.15104687499999994
0 0.473609375 0.72353125 0.06318750000000009 0.0772499999999999