0 0.806890625 0.6880625 0.07685937500000009 0.1251875
0 0.8657031249999999 0.826234375 0.08942187500000003 0.09753125000000011
0 0.64484375 0.783015625 0.05387500000000003 0.12662499999999993
0 0.6187968749999999 0.7498750000000001 0.05387500000000003 0.16449999999999995
0 0.259140625 0.292046875 0.027812500000000018 0.03459374999999998
0 0.295203125 0.29993749999999997 0.03399999999999999 0.06556249999999997
0 0.34664062500000004 0.41937499999999994 0.09773437500000001 0.079296875
0 0.29984374999999996 0.42846875000000006 0.07576562500000002 0.08268749999999994
0 0.27906250000000005 0.389796875 0.07085937500000003 0.05970312499999997
0 0.288203125 0.35328125 0.098734375 0.06837499999999999
0 0.26673437499999997 0.3233125 0.076953125 0.06237500000000003