0 0.0578125 0.74296875 0.115625 0.2578125
0 0.34771875 0.174484375 0.10293749999999999 0.09895312500000002
0 0.647671875 0.1953125 0.13410937500000006 0.103125
0 0.50553125 0.2453125 0.12728125000000007 0.159375
0 0.428453125 0.3328125 0.10642187500000003 0.10104687500000002
0 0.340421875 0.40520312500000005 0.13628125000000005 0.05417187499999994
0 0.46071875 0.4380156250000001 0.15395312499999997 0.08229687499999994
0 0.6752812499999999 0.41770312500000006 0.09764062500000001 0.0875
0 0.512796875 0.575515625 0.10601562500000003 0.10520312500000006
0 0.5278906250000001 0.538546875 0.2112187500000001 0.07917187499999993
0 0.350328125 0.5067656250000001 0.12898437499999993 0.13020312500000006
0 0.31646875 0.530203125 0.19876562500000006 0.12082812500000006
0 0.266484375 0.4796875 0.06131250000000001 0.04895312500000006