0 0.634671875 0.45989062500000005 0.07106250000000003 0.171875
0 0.6409218750000001 0.55625 0.07523437499999996 0.058328125000000064
0 0.629984375 0.609375 0.059609374999999964 0.06667187499999994
0 0.631546875 0.648953125 0.06273437499999997 0.09582812500000007
0 0.693 0.653125 0.03774999999999995 0.15
0 0.63884375 0.763015625 0.06898437499999996 0.12604687499999995
0 0.5393749999999999 0.7140625 0.078328125 0.08854687499999994
0 0.7226874999999999 0.7640625 0.08254687500000006 0.08020312499999989
0 0.8502656249999999 0.751046875 0.07112499999999997 0.07707812500000007
0 0.94296875 0.85 0.1140625 0.05
0 0.78515625 0.8354218750000001 0.13406249999999992 0.07917187500000011
0 0.533640625 0.793234375 0.1143437500000001 0.15104687499999994
0 0.8278593750000001 0.8640625 0.06740625000000015 0.021875