0 0.4503183962264151 0.41181249999999997 0.08082547169811322 0.15972916666666667
0 0.51125 0.26943750000000005 0.08191037735849056 0.15833333333333333
0 0.6719811320754717 0.33193750000000005 0.10590801886792453 0.17777083333333332
0 0.579622641509434 0.4451458333333333 0.1145872641509434 0.18472916666666667
0 0.4841155660377358 0.68125 0.11382075471698112 0.1680625
0 0.5359905660377359 0.56875 0.08393867924528303 0.12916666666666668
0 0.517122641509434 0.7673541666666667 0.11538915094339622 0.2319375
0 0.48686320754716983 0.8756875 0.16806603773584908 0.22083333333333333
0 0.6829834905660377 0.8930625 0.10590801886792453 0.18056250000000001
0 0.6849410377358491 0.8486041666666666 0.19944575471698112 0.16666666666666666
0 0.7651297169811321 0.6201458333333334 0.07994103773584907 0.15416666666666667