0 0.12291273584905661 0.8243125 0.17444575471698115 0.3430625
0 0.38507075471698116 0.06597916666666667 0.07768867924528301 0.13193749999999999
0 0.6114504716981132 0.09375 0.10121462264150943 0.1375
0 0.5041745283018868 0.16041666666666668 0.09606132075471698 0.2125
0 0.446002358490566 0.27708333333333335 0.0803183962264151 0.13472916666666668
0 0.379563679245283 0.3736041666666667 0.10285377358490566 0.07222916666666666
0 0.47035377358490565 0.4173541666666667 0.11619103773584906 0.10972916666666667
0 0.6322877358490565 0.39027083333333334 0.07369103773584906 0.11666666666666667
0 0.5096580188679245 0.6006874999999999 0.08001179245283019 0.14027083333333332
0 0.5210495283018868 0.5513958333333334 0.15941037735849056 0.1055625
0 0.3870400943396226 0.5090208333333334 0.09734669811320755 0.17360416666666667
0 0.3614858490566038 0.5402708333333333 0.1500117924528302 0.16110416666666666
0 0.3237617924528302 0.47291666666666665 0.04627358490566038 0.06527083333333333