0 0.8252948113207548 0.4879375 0.04384433962264151 0.07893750000000001
0 0.728502358490566 0.5455 0.0566627358490566 0.10197916666666668
0 0.7092570754716981 0.5860833333333333 0.05417452830188679 0.12389583333333333
0 0.6918867924528302 0.7105208333333334 0.05912735849056604 0.0986875
0 0.5829716981132076 0.7302708333333333 0.044823113207547165 0.1030625
0 0.655566037735849 0.6611875 0.11029481132075472 0.09210416666666667
0 0.6071698113207548 0.5690833333333334 0.03987028301886793 0.08333333333333333
0 0.631061320754717 0.538375 0.04761792452830189 0.1030625
0 0.6580542452830188 0.4906875 0.06561320754716982 0.12170833333333334
0 0.5786320754716981 0.4435208333333333 0.038620283018867926 0.06908333333333333
0 0.5568985849056604 0.5487916666666667 0.0532311320754717 0.09758333333333334
0 0.5119221698113208 0.47258333333333336 0.036745283018867925 0.11404166666666667
0 0.4886438679245283 0.5970416666666666 0.06442216981132076 0.08222916666666666