0 0.7316155660377358 0.75075 0.05800707547169811 0.16691666666666669
0 0.776002358490566 0.9349791666666667 0.0674882075471698 0.13004166666666667
0 0.6093160377358491 0.8773541666666667 0.04066037735849056 0.16883333333333334
0 0.5896580188679245 0.8331666666666667 0.04066037735849056 0.21933333333333332
0 0.31821933962264154 0.22272916666666667 0.02099056603773585 0.046125
0 0.345436320754717 0.23324999999999999 0.02566037735849057 0.08741666666666667
0 0.38425707547169813 0.3925 0.07376179245283018 0.10572916666666667
0 0.348938679245283 0.404625 0.05718160377358491 0.11025
0 0.3332547169811321 0.3530625 0.05347877358490566 0.07960416666666667
0 0.34015330188679244 0.304375 0.07451650943396226 0.09116666666666666
0 0.3239504716981132 0.2644166666666667 0.05807783018867924 0.08316666666666667