0 0.27503537735849054 0.06597916666666667 0.12036556603773584 0.13193749999999999
0 0.23416273584905659 0.44166666666666665 0.14079009433962264 0.2444375
0 0.6499646226415093 0.1743125 0.15150943396226413 0.2625
0 0.6004599056603773 0.32708333333333334 0.10001179245283019 0.22639583333333332
0 0.3634669811320755 0.36943750000000003 0.12746462264150943 0.5111041666666667
0 0.5194811320754716 0.37916666666666665 0.17984669811320753 0.3
0 0.4742806603773585 0.6618125 0.1476297169811321 0.2875
0 0.6542924528301887 0.5166666666666667 0.2026061320754717 0.23889583333333334
0 0.7839858490566038 0.08541666666666667 0.16640330188679248 0.17083333333333334
0 0.8920754716981132 0.43125 0.13100235849056605 0.21527083333333333
0 0.7820165094339623 0.7125 0.2882429245283019 0.2055625
0 0.6181249999999999 0.9479166666666666 0.2340566037735849 0.10416666666666667