0 0.51125 0.4739583333333333 0.036875 0.11079166666666666
0 0.4887382075471698 0.5980208333333333 0.061533018867924526 0.07291666666666667
0 0.554127358490566 0.5478124999999999 0.05508254716981132 0.09564583333333333
0 0.5795872641509434 0.44460416666666663 0.03310141509433962 0.07102083333333334
0 0.5669929245283019 0.627375 0.043537735849056604 0.08616666666666667
0 0.6082665094339622 0.5696041666666667 0.037122641509433965 0.08239583333333332
0 0.6618632075471698 0.5643958333333334 0.04785377358490566 0.1685625
0 0.6347877358490566 0.5440416666666666 0.0566627358490566 0.11458333333333333
0 0.6830306603773585 0.4734791666666667 0.03660377358490566 0.08522916666666666
0 0.7157193396226414 0.4796458333333333 0.041969339622641516 0.07860416666666666
0 0.7143867924528301 0.5255625 0.08216981132075472 0.10416666666666667
0 0.7055424528301886 0.5923333333333333 0.050542452830188676 0.11268750000000001
0 0.656497641509434 0.4905208333333333 0.06363207547169811 0.11741666666666667
0 0.7307311320754717 0.35368750000000004 0.07305424528301888 0.20739583333333333