0 0.3185259433962264 0.22245833333333334 0.020094339622641507 0.046625
0 0.3456957547169811 0.23410416666666667 0.02392688679245283 0.08814583333333334
0 0.3242099056603774 0.2639166666666667 0.05748820754716981 0.08222916666666666
0 0.34068396226415093 0.3037916666666666 0.07490566037735849 0.09441666666666666
0 0.33340801886792454 0.36166666666666664 0.052806603773584905 0.06345833333333334
0 0.34989386792452826 0.40510416666666665 0.057900943396226416 0.111375
0 0.3837971698113207 0.3924375 0.07286556603773585 0.10629166666666667
0 0.47886792452830185 0.6188958333333333 0.048632075471698115 0.136125
0 0.48639150943396225 0.7358541666666666 0.048125 0.13645833333333332
0 0.7955188679245283 0.8921458333333334 0.14119103773584907 0.21570833333333334
0 0.6181485849056605 0.887875 0.020695754716981134 0.10372916666666666