0 0.3709316037735849 0.725 0.057499999999999996 0.08056250000000001
0 0.40001179245283014 0.8111041666666666 0.04022405660377358 0.09166666666666666
0 0.4542452830188679 0.7368125 0.07452830188679245 0.0625
0 0.45779481132075467 0.6361041666666666 0.041025943396226415 0.125
0 0.5410141509433962 0.9241875 0.055825471698113215 0.14004166666666668
0 0.5459198113207547 0.8564791666666667 0.04731132075471698 0.120375
0 0.541992924528302 0.7714166666666666 0.0604127358490566 0.1006875
0 0.558372641509434 0.6348333333333334 0.06695754716981132 0.23264583333333333
0 0.6029127358490566 0.7725624999999999 0.053867924528301886 0.0960625
0 0.5960377358490566 0.7858750000000001 0.05452830188679245 0.16897916666666665
0 0.5184080188679245 0.8333333333333334 0.023443396226415093 0.07175
0 0.49515330188679246 0.8368125000000001 0.034587264150943396 0.20139583333333333
0 0.48008254716981136 0.7980416666666666 0.047688679245283014 0.103