0 0.5293160377358491 0.7875 0.05485849056603774 0.11389583333333334
0 0.5289150943396226 0.8854166666666666 0.09023584905660377 0.21527083333333333
0 0.5894457547169811 0.725 0.028903301886792455 0.08333333333333333
0 0.5855188679245282 0.6347291666666667 0.022617924528301886 0.08889583333333334
0 0.5874882075471698 0.5666666666666667 0.013962264150943395 0.058333333333333334
0 0.5957429245283019 0.44931249999999995 0.03518867924528302 0.2319375
0 0.6032075471698113 0.85 0.05011792452830189 0.15833333333333333
0 0.6594103773584905 0.8631875 0.041462264150943395 0.09860416666666666
0 0.7627712264150944 0.8368125000000001 0.05165094339622641 0.10972916666666667
0 0.8339150943396226 0.9652708333333333 0.08857311320754717 0.0694375
0 0.7466627358490565 0.9875 0.05715801886792453 0.025
0 0.7156132075471698 0.9458333333333333 0.1035377358490566 0.10277083333333333